data/all_mg_rr.ecsv
# %ECSV 0.9
# ---
# datatype:
# - {name: l, unit: deg, datatype: float64}
# - {name: b, unit: deg, datatype: float64}
# - {name: Ks, datatype: float64}
# - {name: J-Ks, datatype: float64}
# - {name: v_hel, unit: km / s, datatype: float64}
# - {name: cat, datatype: float64}
# - {name: feh, datatype: float64}
# - {name: v_err, unit: km / s, datatype: float64}
# - {name: structure, datatype: string}
# - {name: tracer, datatype: string}
# - {name: target, datatype: string}
# - {name: phase, datatype: float64}
# - {name: dist, datatype: float64}
# - {name: dwarf_giant, datatype: string}
# - {name: v_gsr, unit: km / s, datatype: float64}
l b Ks J-Ks v_hel cat feh v_err structure tracer target phase dist dwarf_giant v_gsr
[from data line 177]
196.25019 32.145038 "" "" -77.8 "" "" 13.4 Mon/GASS RRL GA-RR149 0.1 "" "" -141.782221864
171.362831 19.043232 "" "" -132.3 "" "" 14.7 Mon/GASS RRL GA-RR15 0.14 "" "" -105.068346447
189.096491 34.325954 "" "" -178.1 "" "" 14.2 Mon/GASS RRL GA-RR154 0.26 "" "" -215.474446482
196.825565 32.8803 "" "" 117.1 "" "" 13.2 Mon/GASS RRL GA-RR155 0.08 "" "" 51.7685949831
206.389986 30.529493 "" "" -51.5 "" "" 12.5 Mon/GASS RRL GA-RR157 0.09 "" "" -151.422997708
198.78998 33.10952 "" "" 12.5 "" "" 13.1 Mon/GASS RRL GA-RR159 0.24 "" "" -59.3170813067
172.515773 18.813847 "" "" -79.2 "" "" 14.1 Mon/GASS RRL GA-RR16 0.42 "" "" -56.6728442933
213.713295 28.228462 "" "" 46.6 "" "" 13.4 Mon/GASS RRL GA-RR160 0.18 "" "" -79.5018039026
213.713295 28.228462 "" "" 36.1 "" "" 12.7 Mon/GASS RRL GA-RR160 0.1 "" "" -90.0018039026
209.39159 29.96925 "" "" 261.2 "" "" 12.7 Mon/GASS RRL GA-RR161 0.11 "" "" 150.9027406
205.310497 31.425039 "" "" -310.9 "" "" 12.6 Mon/GASS RRL GA-RR162 0.12 "" "" -406.244435283
222.001767 26.392253 "" "" 191.9 "" "" 13.5 Mon/GASS RRL GA-RR174 0.11 "" "" 38.9365262118
232.509647 21.932227 "" "" -63.1 "" "" 12.9 Mon/GASS RRL GA-RR179 0.23 "" "" -249.371096903
221.880452 27.690001 "" "" 157.2 "" "" 13.5 Mon/GASS RRL GA-RR180 0.11 "" "" 6.51046673472
219.175246 29.062504 "" "" 191.7 "" "" 13.5 Mon/GASS RRL GA-RR181 0.19 "" "" 50.6326148386
210.584191 32.742003 "" "" 214.4 "" "" 13.1 Mon/GASS RRL GA-RR184 0.22 "" "" 104.046323456
231.352854 23.249399 "" "" 352.4 "" "" 12.7 Mon/GASS RRL GA-RR185 0.19 "" "" 170.759136063
207.160918 34.025976 "" "" 192.4 "" "" 12.3 Mon/GASS RRL GA-RR187 0.2 "" "" 94.3545493541
224.212984 27.360598 "" "" 179.7 "" "" 13.6 Mon/GASS RRL GA-RR188 0.2 "" "" 22.2264210723
229.964196 24.356655 "" "" -19.4 "" "" 13.7 Mon/GASS RRL GA-RR189 0.08 "" "" -196.061461074
178.068737 17.692903 "" "" 95.3 "" "" 13.6 Mon/GASS RRL GA-RR19 0.09 "" "" 94.9045362809
208.181319 34.032569 "" "" -3.5 "" "" 13.3 Mon/GASS RRL GA-RR191 0.25 "" "" -104.705437045
225.417761 28.305461 "" "" 115.9 "" "" 14.8 Mon/GASS RRL GA-RR198 0.15 "" "" -43.188988129
209.691768 34.949621 "" "" 220.8 "" "" 14.5 Mon/GASS RRL GA-RR200 0.12 "" "" 116.263305537
217.504686 32.971262 "" "" -50.7 "" "" 14.0 Mon/GASS RRL GA-RR205 0.19 "" "" -180.93566108
229.48003 28.168576 "" "" 285.9 "" "" 12.3 Mon/GASS RRL GA-RR209 0.1 "" "" 116.607832919
151.692285 25.389615 "" "" -215.0 "" "" 12.5 Mon/GASS RRL GA-RR21 0.07 "" "" -114.372943083
217.868517 33.733783 "" "" -2.2 "" "" 12.6 Mon/GASS RRL GA-RR211 0.17 "" "" -132.186393842
236.308354 26.778126 "" "" 63.8 "" "" 13.9 Mon/GASS RRL GA-RR220 0.16 "" "" -122.824816293
230.930337 31.766771 "" "" 330.2 "" "" 13.4 Mon/GASS RRL GA-RR226 0.07 "" "" 164.211395386
229.107678 33.204971 "" "" -19.2 "" "" 13.0 Mon/GASS RRL GA-RR228 0.2 "" "" -178.323603032
236.061456 29.48899 "" "" -41.8 "" "" 13.8 Mon/GASS RRL GA-RR229 0.13 "" "" -222.893891435
231.977434 32.432818 "" "" 57.1 "" "" 12.0 Mon/GASS RRL GA-RR230 0.09 "" "" -109.835555847
230.774352 33.084755 "" "" 206.5 "" "" 13.2 Mon/GASS RRL GA-RR231 0.09 "" "" 43.453447128
239.561898 28.120199 "" "" 122.1 "" "" 15.0 Mon/GASS RRL GA-RR232 0.19 "" "" -68.2057225758
232.277038 33.854948 "" "" 198.6 "" "" 13.6 Mon/GASS RRL GA-RR238 0.12 "" "" 33.9379104617
240.749815 28.986446 "" "" 297.0 "" "" 12.4 Mon/GASS RRL GA-RR239 0.18 "" "" 106.312066379
183.911571 17.276812 "" "" 123.0 "" "" 12.3 Mon/GASS RRL GA-RR24 0.12 "" "" 98.4085949355
238.227226 30.666753 "" "" 112.4 "" "" 12.7 Mon/GASS RRL GA-RR240 0.17 "" "" -70.4547952796
233.291424 33.888543 "" "" 130.4 "" "" 12.2 Mon/GASS RRL GA-RR242 0.08 "" "" -36.2688154123
243.317548 30.148338 "" "" 107.7 "" "" 15.8 Mon/GASS RRL GA-RR246 0.11 "" "" -84.7696158032
238.836632 33.335991 "" "" 28.5 "" "" 13.3 Mon/GASS RRL GA-RR247 0.13 "" "" -149.781764516
246.30825 28.314702 "" "" 68.3 "" "" 14.8 Mon/GASS RRL GA-RR248 0.21 "" "" -132.308831663
241.698118 31.927086 "" "" 5.6 "" "" 11.9 Mon/GASS RRL GA-RR250 0.13 "" "" -180.53406309
242.334356 32.796355 "" "" 121.5 "" "" 13.7 Mon/GASS RRL GA-RR251 0.16 "" "" -63.719270437
250.297895 26.965607 "" "" 101.9 "" "" 13.3 Mon/GASS RRL GA-RR252 0.11 "" "" -106.446363235
244.238033 34.735836 "" "" 257.2 "" "" 13.2 Mon/GASS RRL GA-RR259 0.07 "" "" 73.6418715868
254.323455 34.504674 "" "" 246.8 "" "" 13.8 Mon/GASS RRL GA-RR269 0.23 "" "" 51.4751536177
175.103423 20.933683 "" "" -114.3 "" "" 13.8 Mon/GASS RRL GA-RR28 0.2 "" "" -102.248647436
159.167775 19.186895 "" "" -99.8 "" "" 12.8 Mon/GASS RRL GA-RR2a 0.12 "" "" -23.8370347022
159.167775 19.186895 "" "" -100.6 "" "" 13.4 Mon/GASS RRL GA-RR2b 0.34 "" "" -24.6370347022
172.99897 21.669932 "" "" 100.7 "" "" 13.0 Mon/GASS RRL GA-RR30 0.18 "" "" 121.257404589
192.049505 17.317728 "" "" -52.1 "" "" 12.5 Mon/GASS RRL GA-RR36 0.14 "" "" -109.777871152
177.203804 22.497565 "" "" -334.4 "" "" 13.1 Mon/GASS RRL GA-RR37a 0.12 "" "" -330.680480041
177.203804 22.497565 "" "" -305.4 "" "" 16.7 Mon/GASS RRL GA-RR37b 0.39 "" "" -301.680480041
188.852996 19.162759 "" "" 106.8 "" "" 12.7 Mon/GASS RRL GA-RR38 0.21 "" "" 62.7325933368
162.428913 18.755372 "" "" -152.9 "" "" 13.1 Mon/GASS RRL GA-RR4 0.15 "" "" -89.6275936509
183.594805 21.757605 "" "" 78.4 "" "" 13.2 Mon/GASS RRL GA-RR40 0.31 "" "" 56.3426448785
173.388718 24.735567 "" "" 115.9 "" "" 13.1 Mon/GASS RRL GA-RR41 0.12 "" "" 134.877354673
193.5242 18.577142 "" "" 98.7 "" "" 12.6 Mon/GASS RRL GA-RR42 0.09 "" "" 35.7521883943
194.326989 19.298687 "" "" 241.6 "" "" 12.7 Mon/GASS RRL GA-RR49 0.1 "" "" 175.869028789
163.564589 18.549745 "" "" 77.7 "" "" 14.3 Mon/GASS RRL GA-RR5 0.09 "" "" 136.499803045
189.579697 21.060118 "" "" 288.3 "" "" 12.9 Mon/GASS RRL GA-RR50 0.13 "" "" 242.138692877
191.616385 20.906914 "" "" 250.8 "" "" 13.6 Mon/GASS RRL GA-RR54 0.26 "" "" 196.536189384
193.411601 20.337521 "" "" -24.9 "" "" 14.8 Mon/GASS RRL GA-RR55 0.11 "" "" -86.4931378842
185.755458 23.348859 "" "" 26.6 "" "" 12.9 Mon/GASS RRL GA-RR57a 0.19 "" "" -3.52184619721
185.755458 23.348859 "" "" 43.8 "" "" 13.5 Mon/GASS RRL GA-RR57b 0.4 "" "" 13.6781538028
164.245281 28.076795 "" "" -365.0 "" "" 15.5 Mon/GASS RRL GA-RR58 0.15 "" "" -311.543540732
156.953916 21.165587 "" "" -199.9 "" "" 13.8 Mon/GASS RRL GA-RR6 0.44 "" "" -116.184108089
185.240406 23.857698 "" "" -29.2 "" "" 14.1 Mon/GASS RRL GA-RR61 0.41 "" "" -57.1123511332
200.842264 18.689359 "" "" -33.9 "" "" 12.4 Mon/GASS RRL GA-RR62 0.17 "" "" -125.069104293
194.572404 21.179071 "" "" 28.4 "" "" 12.0 Mon/GASS RRL GA-RR63 0.26 "" "" -37.2373034507
158.055242 29.508283 "" "" -160.4 "" "" 13.3 Mon/GASS RRL GA-RR66 0.18 "" "" -85.0526174118
185.478751 25.600312 "" "" 4.5 "" "" 12.1 Mon/GASS RRL GA-RR68 0.07 "" "" -23.7063018738
187.100958 25.668735 "" "" 38.3 "" "" 13.2 Mon/GASS RRL GA-RR69 0.15 "" "" 3.85405685484
182.333927 27.252222 "" "" 120.1 "" "" 13.7 Mon/GASS RRL GA-RR71 0.17 "" "" 104.573066351
163.159624 30.653762 "" "" -17.0 "" "" 13.3 Mon/GASS RRL GA-RR74 0.19 "" "" 39.4243243585
159.770527 30.931506 "" "" -144.4 "" "" 13.1 Mon/GASS RRL GA-RR76 0.26 "" "" -75.9782958787
206.027744 20.564265 "" "" 35.1 "" "" 11.6 Mon/GASS RRL GA-RR77 0.1 "" "" -73.6802403474
192.991597 25.336651 "" "" 104.2 "" "" 13.3 Mon/GASS RRL GA-RR78 0.18 "" "" 47.0887488562
181.242049 28.368128 "" "" -41.0 "" "" 14.0 Mon/GASS RRL GA-RR79 0.17 "" "" -52.0547244325
155.600831 31.255177 "" "" -11.8 "" "" 14.7 Mon/GASS RRL GA-RR80 0.08 "" "" 70.9829152733
204.441228 22.210206 "" "" -144.7 "" "" 12.2 Mon/GASS RRL GA-RR85 0.22 "" "" -246.405781754
212.807607 18.855688 "" "" 34.6 "" "" 12.3 Mon/GASS RRL GA-RR88 0.12 "" "" -99.1691464582
184.447141 28.629679 "" "" -1.2 "" "" 22.6 Mon/GASS RRL GA-RR89 0.11 "" "" -24.3346746806
213.780746 18.593171 "" "" 276.9 "" "" 11.9 Mon/GASS RRL GA-RR90 0.08 "" "" 139.645721641
165.756805 31.532542 "" "" -45.4 "" "" 12.7 Mon/GASS RRL GA-RR91 0.12 "" "" 1.27960265753
179.277073 30.014073 "" "" -70.0 "" "" 13.3 Mon/GASS RRL GA-RR93 0.15 "" "" -73.2721402169
179.208297 30.171451 "" "" 41.6 "" "" 13.1 Mon/GASS RRL GA-RR95 0.13 "" "" 38.6138025138
166.696604 31.836899 "" "" 106.5 "" "" 12.6 Mon/GASS RRL GA-RR96 0.16 "" "" 149.675470794
211.611519 20.543404 "" "" 83.6 "" "" 12.7 Mon/GASS RRL GA-RR97 0.17 "" "" -44.5499056861
110.52 -38.0 11.6 0.92 -177.5 "" "" 5.3 TriAnd MG "" "" "" G -1.82569565022
114.36 -22.3 11.5 0.97 -128.0 "" "" 5.1 TriAnd MG "" "" "" G 74.239563332
112.63 -32.48 11.3 0.92 -299.6 "" "" 3.7 TriAnd MG "" "" "" G -113.808926325
114.88 -24.99 10.9 0.99 -138.4 "" "" 2.8 TriAnd MG "" "" "" G 58.4224750569
116.53 -15.56 11.1 0.93 -160.9 "" "" 3.4 TriAnd MG "" "" "" G 46.3394338816
116.89 -16.03 11.3 0.94 -165.9 "" "" 5.5 TriAnd MG "" "" "" G 40.0636832682
116.63 -20.27 11.7 0.92 -250.9 "" "" 3.4 TriAnd MG "" "" "" G -49.9148815183
112.39 -45.8 10.9 0.98 -179.9 "" "" 3.6 TriAnd MG "" "" "" G -28.0278908491
117.57 -16.68 11.5 0.95 -18.0 "" "" 3.9 TriAnd MG "" "" "" G 185.790001944
117.3 -20.09 12.0 0.9 -149.7 "" "" 5.3 TriAnd MG "" "" "" G 50.1967619052
118.2 -22.37 11.3 0.94 -132.0 "" "" 8.2 TriAnd MG "" "" "" G 62.7011389451
119.91 -16.65 10.9 0.99 -141.8 "" "" 5.1 TriAnd MG "" "" "" G 56.9749725654
119.67 -34.99 10.3 1.05 -291.4 "" "" 2.1 TriAnd MG "" "" "" G -123.351482202
120.62 -24.1 10.8 1.0 -153.0 "" "" 2.2 TriAnd MG "" "" "" G 33.8842691743
122.2 -22.57 10.0 1.11 -132.0 "" "" 1.9 TriAnd MG "" "" "" G 53.7263016867
122.39 -20.37 10.6 1.01 -146.7 "" "" 3.0 TriAnd MG "" "" "" G 41.7127185001
122.84 -28.97 12.0 0.86 -2.7 "" "" 3.2 TriAnd MG "" "" "" G 170.993057786
122.88 -16.21 11.0 1.04 -178.5 "" "" 3.7 TriAnd MG "" "" "" G 13.8760693541
123.07 -23.3 12.4 0.91 -69.3 "" "" 3.8 TriAnd MG "" "" "" G 113.330345785
123.15 -23.32 10.7 1.02 -136.9 "" "" 5.6 TriAnd MG "" "" "" G 45.5143355518
123.34 -22.94 11.0 0.96 -134.1 "" "" 2.6 TriAnd MG "" "" "" G 48.4402604516
123.82 -21.63 12.2 0.9 -114.7 "" "" 3.9 TriAnd MG "" "" "" G 68.5975242555
124.26 -17.84 11.8 0.88 -71.2 "" "" 3.1 TriAnd MG "" "" "" G 115.933509826
124.6 -23.91 11.7 0.93 -119.9 "" "" 1.9 TriAnd MG "" "" "" G 58.1993804787
125.34 -17.59 11.8 0.87 -114.8 "" "" 3.9 TriAnd MG "" "" "" G 69.9183820786
125.89 -21.12 9.8 1.1 -187.2 "" "" 2.7 TriAnd MG "" "" "" G -8.28126951873
126.58 -24.53 10.9 1.02 -117.0 "" "" 1.9 TriAnd MG "" "" "" G 55.3232343053
126.75 -23.38 10.2 1.08 -128.2 "" "" 2.0 TriAnd MG "" "" "" G 45.3988393306
129.59 -42.1 11.8 0.88 -29.3 "" "" 5.1 TriAnd MG "" "" "" G 102.530580096
127.05 -24.32 10.8 0.97 -99.8 "" "" 5.3 TriAnd MG "" "" "" G 71.6611476057
128.27 -20.76 11.7 0.93 -132.2 "" "" 4.1 TriAnd MG "" "" "" G 41.0412336962
128.33 -20.23 9.9 1.09 -168.7 "" "" 4.9 TriAnd MG "" "" "" G 5.05325888385
128.9 -21.47 10.8 1.0 -152.1 "" "" 4.7 TriAnd MG "" "" "" G 18.5451111427
130.44 -28.42 11.4 0.94 -111.9 "" "" 3.3 TriAnd MG "" "" "" G 44.4794978789
130.13 -16.57 10.6 1.02 -148.9 "" "" 5.0 TriAnd MG "" "" "" G 24.0935981521
132.54 -28.8 11.1 0.95 -231.6 "" "" 4.0 TriAnd MG "" "" "" G -81.3886661397
132.08 -22.65 10.9 0.94 -134.0 "" "" 3.4 TriAnd MG "" "" "" G 26.3789732797
131.15 -17.19 10.6 1.04 -115.6 "" "" 3.7 TriAnd MG "" "" "" G 53.8517207839
134.53 -30.72 11.8 0.93 -138.6 "" "" 5.5 TriAnd MG "" "" "" G 3.13769313301
133.65 -21.86 11.3 0.95 -95.5 "" "" 2.1 TriAnd MG "" "" "" G 61.3933727009
137.02 -32.59 10.9 0.96 -91.5 "" "" 1.7 TriAnd MG "" "" "" G 40.3420302604
135.19 -25.48 10.5 1.03 -102.8 "" "" 10.0 TriAnd MG "" "" "" G 44.9049515114
134.93 -24.34 10.9 0.96 -102.0 "" "" 2.9 TriAnd MG "" "" "" G 47.9948227337
133.28 -17.61 11.9 0.86 -109.3 "" "" 5.1 TriAnd MG "" "" "" G 53.5061811459
136.23 -22.91 10.5 1.01 -63.3 "" "" 1.6 TriAnd MG "" "" "" G 84.6721926351
137.0 -24.91 10.4 1.02 -75.3 "" "" 1.8 TriAnd MG "" "" "" G 67.8329812296
135.71 -20.18 10.4 1.03 -99.9 "" "" 1.5 TriAnd MG "" "" "" G 52.8438123971
136.31 -21.83 11.3 0.95 -126.7 "" "" 3.4 TriAnd MG "" "" "" G 22.3305257394
134.85 -15.13 10.9 0.97 -82.2 "" "" 3.4 TriAnd MG "" "" "" G 78.2413156699
138.53 -26.12 10.4 1.07 -127.2 "" "" 2.3 TriAnd MG "" "" "" G 9.74310225317
140.83 -29.46 10.5 1.02 -89.5 "" "" 1.2 TriAnd MG "" "" "" G 35.9620839338
136.56 -16.29 11.1 0.99 -101.5 "" "" 3.7 TriAnd MG "" "" "" G 52.5663548195
151.9 -49.13 11.9 0.96 -188.3 "" "" 2.1 TriAnd MG "" "" "" G -123.680888674
137.33 -17.1 11.1 0.97 -122.0 "" "" 3.3 TriAnd MG "" "" "" G 28.8804597344
140.44 -25.62 10.0 1.11 -90.7 "" "" 1.8 TriAnd MG "" "" "" G 41.0052068432
140.57 -24.42 10.3 1.07 -95.8 "" "" 2.2 TriAnd MG "" "" "" G 36.957072421
140.11 -20.79 9.5 1.13 -89.2 "" "" 2.2 TriAnd MG "" "" "" G 49.0987431901
149.81 -40.14 10.9 1.02 -264.7 "" "" 3.8 TriAnd MG "" "" "" G -181.277749831
152.29 -43.01 11.4 1.0 -232.1 "" "" 2.1 TriAnd MG "" "" "" G -159.824269568
159.8 -49.99 12.2 0.93 -178.2 "" "" 3.3 TriAnd MG "" "" "" G -135.34132268
147.32 -28.5 11.2 0.96 -87.1 "" "" 3.6 TriAnd MG "" "" "" G 19.0233524703
147.0 -26.88 10.4 1.03 -60.8 "" "" 3.9 TriAnd MG "" "" "" G 48.2121113413
141.84 -16.02 11.9 0.93 -130.6 "" "" 3.5 TriAnd MG "" "" "" G 6.43145648307
145.29 -21.82 10.3 1.04 -100.1 "" "" 4.3 TriAnd MG "" "" "" G 19.9607178367
156.05 -38.43 11.8 0.97 -211.0 "" "" 2.3 TriAnd MG "" "" "" G -144.512719027
145.56 -20.18 10.7 1.0 -98.8 "" "" 4.0 TriAnd MG "" "" "" G 21.8788356489
150.67 -28.26 10.5 1.07 -65.7 "" "" 1.8 TriAnd MG "" "" "" G 29.4478110682
148.22 -23.83 9.5 1.14 -61.5 "" "" 1.9 TriAnd MG "" "" "" G 46.5316188705
147.92 -21.06 10.0 1.09 -54.1 "" "" 1.9 TriAnd MG "" "" "" G 57.5524564346
146.94 -19.24 11.6 0.93 -75.2 "" "" 3.7 TriAnd MG "" "" "" G 41.4831408682
159.78 -37.27 11.3 1.04 -197.5 "" "" 3.8 TriAnd MG "" "" "" G -141.901937995
151.27 -24.7 10.1 1.08 -54.9 "" "" 3.7 TriAnd MG "" "" "" G 41.6349146359
147.92 -19.03 11.4 0.99 -112.3 "" "" 3.8 TriAnd MG "" "" "" G 1.08053351393
147.12 -17.13 11.5 0.92 -81.0 "" "" 3.8 TriAnd MG "" "" "" G 36.7427721443
149.19 -18.43 11.0 0.94 -82.3 "" "" 3.7 TriAnd MG "" "" "" G 26.988901067
155.57 -27.97 10.3 1.07 -87.8 "" "" 1.6 TriAnd MG "" "" "" G -9.45087533794
156.41 -26.83 11.3 0.91 -68.4 "" "" 3.1 TriAnd MG "" "" "" G 7.89904556982
152.94 -21.68 11.4 0.95 -125.6 "" "" 3.7 TriAnd MG "" "" "" G -32.522299399
157.69 -28.18 11.7 0.96 -55.3 "" "" 1.1 TriAnd MG "" "" "" G 15.2906567556
157.09 -27.14 10.6 1.02 -95.2 "" "" 2.5 TriAnd MG "" "" "" G -21.6099616436
152.07 -19.94 10.1 1.08 -61.1 "" "" 3.7 TriAnd MG "" "" "" G 36.5115149162
154.11 -21.4 10.5 1.02 -119.6 "" "" 3.6 TriAnd MG "" "" "" G -30.6231680591
159.89 -27.85 11.4 1.03 -269.9 "" "" 2.3 TriAnd MG "" "" "" G -207.037988449
155.97 -21.38 11.3 0.92 -36.9 "" "" 3.6 TriAnd MG "" "" "" G 45.1472130047
159.51 -25.36 10.0 1.11 -83.5 "" "" 1.8 TriAnd MG "" "" "" G -17.4797344914
100.95 -15.52 11.0 0.94 -118.4 "" "" 3.7 TriAnd MG "" "" "" G 112.462118902
101.82 -15.72 11.9 0.86 -53.6 "" "" 2.7 TriAnd MG "" "" "" G 176.135373407
103.74 -17.16 11.8 0.92 -204.0 "" "" 3.7 TriAnd MG "" "" "" G 21.7438490481
101.38 -22.81 12.4 0.91 -75.7 "" "" 39.8 TriAnd MG "" "" "" G 143.798242428
100.65 -25.13 10.9 0.96 -201.4 "" "" 2.5 TriAnd MG "" "" "" G 14.5358114704
104.05 -17.86 11.8 0.99 -157.4 "" "" 3.4 TriAnd MG "" "" "" G 67.0202104641
105.16 -15.37 10.2 1.05 -180.8 "" "" 4.8 TriAnd MG "" "" "" G 45.5109571678
102.36 -21.78 10.4 1.04 -172.6 "" "" 2.5 TriAnd MG "" "" "" G 47.6800454579
102.84 -22.14 11.2 0.93 -312.9 "" "" 5.4 TriAnd MG "" "" "" G -93.7306478242
100.38 -27.52 10.7 1.0 -84.5 "" "" 2.1 TriAnd MG "" "" "" G 126.925059352
105.71 -15.78 10.3 1.04 -196.3 "" "" 5.5 TriAnd MG "" "" "" G 28.7970648253
102.05 -24.46 9.9 1.12 -203.9 "" "" 2.3 TriAnd MG "" "" "" G 11.970498363
103.29 -21.91 11.2 0.96 -143.9 "" "" 2.1 TriAnd MG "" "" "" G 75.169282395
103.32 -23.94 11.9 0.9 9.5 "" "" 1.6 TriAnd MG "" "" "" G 225.001391078
107.23 -19.71 11.1 1.06 -170.9 "" "" 3.3 TriAnd MG "" "" "" G 46.7681458173
108.86 -15.58 11.4 0.9 -138.8 "" "" 3.7 TriAnd MG "" "" "" G 82.0772392018
107.86 -20.71 11.8 0.98 -172.6 "" "" 5.3 TriAnd MG "" "" "" G 42.6611496522
