data/all_mg_rr.ecsv
# %ECSV 0.9
# ---
# datatype:
# - {name: l, unit: deg, datatype: float64}
# - {name: b, unit: deg, datatype: float64}
# - {name: Ks, datatype: float64}
# - {name: J-Ks, datatype: float64}
# - {name: v_hel, unit: km / s, datatype: float64}
# - {name: cat, datatype: float64}
# - {name: feh, datatype: float64}
# - {name: v_err, unit: km / s, datatype: float64}
# - {name: structure, datatype: string}
# - {name: tracer, datatype: string}
# - {name: target, datatype: string}
# - {name: phase, datatype: float64}
# - {name: dist, datatype: float64}
# - {name: dwarf_giant, datatype: string}
# - {name: v_gsr, unit: km / s, datatype: float64}
l b Ks J-Ks v_hel cat feh v_err structure tracer target phase dist dwarf_giant v_gsr
207.055952446 27.5639289013 10.1 1.04 100.23 7.64 -0.67 5.5 A13 MG "" "" "" "" -5.27656036413
208.900951251 31.6309371292 10.5 0.99 -37.96 7.93 -0.51 5.5 A13 MG "" "" "" "" -144.5825422
191.744962234 32.6129294997 10.4 0.98 -45.7 nan nan 5.5 A13 MG "" "" "" "" -93.5101807039
181.749973875 27.1909210202 10.2 1.01 -33.27 8.33 -0.3 5.5 A13 MG "" "" "" "" -46.5687902093
181.028963211 32.2699187845 10.3 0.98 37.72 7.92 -0.51 5.5 A13 MG "" "" "" "" 28.4375288481
204.404949602 29.6219253374 10.8 0.98 -98.19 8.15 -0.4 5.5 A13 MG "" "" "" "" -192.557080409
202.716961027 30.1339260787 10.1 1.05 -27.74 7.96 -0.5 5.5 A13 MG "" "" "" "" -115.864843804
173.962955432 35.4469174994 10.8 0.99 122.33 7.9 -0.53 5.5 A13 MG "" "" "" "" 138.810895606
174.240958743 29.7239195951 10.5 0.99 14.2 nan nan 5.5 A13 MG "" "" "" "" 29.8360054013
206.367956194 37.5599366428 10.7 0.97 -33.91 8.05 -0.44 5.5 A13 MG "" "" "" "" -124.772579833
167.841959154 32.0529162985 10.1 1.0 -48.5 nan nan 5.5 A13 MG "" "" "" "" -9.53761371303
159.27698063 26.2239133288 10.3 1.01 -64.5 nan nan 5.5 A13 MG "" "" "" "" 8.18922047278
143.737990798 30.9359120416 10.8 0.98 -54.5 nan nan 5.5 A13 MG "" "" "" "" 67.4913754229
148.482981375 31.4509109077 10.3 0.98 -84.3 7.66 -0.65 5.5 A13 MG "" "" "" "" 22.1137869215
152.606969847 34.2199118924 10.4 1.04 -62.3 nan nan 5.5 A13 MG "" "" "" "" 28.0691165581
152.907978958 35.6509127979 10.4 1.07 -80.5 nan nan 5.5 A13 MG "" "" "" "" 7.56115490598
154.981981882 36.167912751 10.1 1.11 -16.3 nan nan 5.5 A13 MG "" "" "" "" 64.609061883
162.590971356 32.0029155368 10.4 1.04 8.7 nan nan 5.5 A13 MG "" "" "" "" 66.5439318939
152.863990654 28.2299106495 10.6 1.0 -14.2 nan nan 5.5 A13 MG "" "" "" "" 80.2822581549
150.326975744 25.5289097736 10.2 1.03 -53.05 8.16 -0.38 5.5 A13 MG "" "" "" "" 52.2647229834
153.925987313 25.1339121218 10.0 0.98 -31.77 7.54 -0.71 5.5 A13 MG "" "" "" "" 61.06166088
173.546972467 32.1229180599 10.1 1.05 9.3 nan nan 5.5 A13 MG "" "" "" "" 27.4421826114
149.135979981 33.4019188015 10.4 1.01 -86.6 nan nan 5.5 A13 MG "" "" "" "" 15.7504538409
129.384992914 30.1689090767 10.4 0.98 -161.56 8.48 -0.22 5.5 A13 MG "" "" "" "" 1.87038386206
140.378009607 26.2069054409 10.8 1.0 -73.98 7.46 -0.75 5.5 A13 MG "" "" "" "" 63.584946746
134.889000895 27.0119064073 10.9 0.98 -171.77 6.98 -1.01 5.5 A13 MG "" "" "" "" -18.7699046111
164.47197814 38.3199163419 10.3 1.07 -54.32 7.39 -0.79 5.5 A13 MG "" "" "" "" -6.07641699611
146.472990062 27.3849098578 11.0 1.01 -45.19 8.56 -0.17 5.5 A13 MG "" "" "" "" 71.6738020736
148.750987785 27.1679132394 10.1 0.98 -19.7 nan nan 5.5 A13 MG "" "" "" "" 89.7366726003
143.574982608 26.0269090062 10.0 1.01 -220.07 8.59 -0.16 5.5 A13 MG "" "" "" "" -92.4647740773
198.550946201 29.3229293199 10.2 1.02 71.31 7.67 -0.64 5.5 A13 MG "" "" "" "" -3.17233640056
171.424967612 26.6109177189 11.0 0.98 -19.3 8.5 -0.2 5.5 A13 MG "" "" "" "" 7.22705211417
136.055990318 35.1139098496 11.0 1.01 -63.33 7.78 -0.59 5.5 A13 MG "" "" "" "" 75.2190071739
147.4559716 37.850909083 11.3 0.98 -7.87 8.11 -0.41 5.5 A13 MG "" "" "" "" 94.6348483584
143.406995232 37.0849130423 10.6 0.99 -33.01 7.45 -0.77 5.5 A13 MG "" "" "" "" 82.3041752306
149.60497473 30.5229105536 10.3 1.09 -65.1 nan nan 5.5 A13 MG "" "" "" "" 38.5289826625
153.953981593 38.2549143759 11.0 1.02 -26.5 6.97 -1.01 5.5 A13 MG "" "" "" "" 55.7518035225
169.727958582 33.9779171665 10.2 0.97 8.34 7.58 -0.69 5.5 A13 MG "" "" "" "" 40.0429291921
207.697948748 28.7889271836 10.4 0.99 49.39 7.98 -0.48 5.5 A13 MG "" "" "" "" -56.8547848061
177.736954687 36.2999192797 10.6 1.0 15.13 7.8 -0.58 5.5 A13 MG "" "" "" "" 18.3832368122
153.851979831 31.6929108867 10.4 1.04 -82.4 nan nan 5.5 A13 MG "" "" "" "" 6.01431652287
146.786985427 26.0609136668 10.5 0.99 -49.7 nan nan 5.5 A13 MG "" "" "" "" 67.2920437081
157.339970188 27.2079138952 10.2 1.09 -7.0 nan nan 5.5 A13 MG "" "" "" "" 72.2606124037
159.928972663 27.6469130507 10.3 0.97 -11.8 nan nan 5.5 A13 MG "" "" "" "" 57.7939486157
170.458978064 30.3109239505 10.6 0.99 7.9 7.87 -0.54 5.5 A13 MG "" "" "" "" 37.6308710238
150.237982615 36.7329088167 10.1 0.99 -52.97 7.81 -0.58 5.5 A13 MG "" "" "" "" 42.4009184038
142.437987579 34.8219042061 10.1 1.03 -46.5 7.94 -0.51 5.5 A13 MG "" "" "" "" 74.6497840792
146.621973779 35.9519139595 10.2 1.03 -62.9 nan nan 5.5 A13 MG "" "" "" "" 44.4093247971
150.724984048 30.9039130327 10.0 0.99 -27.0 nan nan 5.5 A13 MG "" "" "" "" 72.5720122452
145.527980757 36.1299178962 10.1 1.01 -135.9 nan nan 5.5 A13 MG "" "" "" "" -25.53308117
132.064996967 35.3459038942 10.4 1.01 -168.4 7.22 -0.88 5.5 A13 MG "" "" "" "" -19.9513193874
139.815983033 27.8779088325 10.3 1.06 -58.5 nan nan 5.5 A13 MG "" "" "" "" 78.9805459529
141.335985757 28.3629110699 10.8 0.97 -58.1 nan nan 5.5 A13 MG "" "" "" "" 74.1885696844
139.487995354 28.8889102396 10.6 1.05 -113.1 nan nan 5.5 A13 MG "" "" "" "" 24.2049422081
177.644613 30.927381 "" "" 81.3 "" "" 12.0 A13 RRL GA-RR101 0.07 "" "" 84.2639450551
157.407318 21.907813 "" "" -235.7 "" "" 12.6 A13 RRL GA-RR11 0.15 "" "" -154.021810289
154.793046 22.608861 "" "" -114.3 "" "" 13.9 A13 RRL GA-RR12 0.22 "" "" -23.1860297261
172.696122 32.682705 "" "" -158.7 "" "" 14.8 A13 RRL GA-RR118 0.12 "" "" -137.489332751
174.17533 33.055364 "" "" 15.3 "" "" 17.5 A13 RRL GA-RR125 0.09 "" "" 31.1141247138
177.112634 34.906366 "" "" -258.0 "" "" 13.2 A13 RRL GA-RR145 0.1 "" "" -252.687892485
166.878959 35.96988 "" "" -28.8 "" "" 14.2 A13 RRL GA-RR151 0.15 "" "" 12.3170813244
169.366185 36.040676 "" "" -101.5 "" "" 12.4 A13 RRL GA-RR153 0.16 "" "" -69.0153169231
167.984041 36.865069 "" "" 27.5 "" "" 12.8 A13 RRL GA-RR163 0.12 "" "" 64.5098425563
173.159645 38.160035 "" "" 94.9 "" "" 16.1 A13 RRL GA-RR176a 0.17 "" "" 113.961368614
173.159645 38.160035 "" "" 105.9 "" "" 13.4 A13 RRL GA-RR176b 0.21 "" "" 124.961368614
171.835021 38.732743 "" "" -37.5 "" "" 12.5 A13 RRL GA-RR182 0.12 "" "" -14.0325281138
179.410321 39.684383 "" "" -37.8 "" "" 13.8 A13 RRL GA-RR194 0.09 "" "" -39.7461611511
167.358856 39.850973 "" "" -114.6 "" "" 14.6 A13 RRL GA-RR199 0.46 "" "" -76.5626204124
166.108111 39.992165 "" "" 110.7 "" "" 15.6 A13 RRL GA-RR202 0.1 "" "" 152.765682377
161.235903 39.536062 "" "" 71.3 "" "" 13.5 A13 RRL GA-RR203 0.2 "" "" 129.393245548
161.476278 39.773019 "" "" -220.1 "" "" 12.8 A13 RRL GA-RR206 0.17 "" "" -162.936557808
162.701903 24.240501 "" "" -96.3 "" "" 13.3 A13 RRL GA-RR29 0.12 "" "" -35.6824877527
159.211239 25.134341 "" "" -208.6 "" "" 12.5 A13 RRL GA-RR32 0.07 "" "" -135.151535402
173.834668 23.239125 "" "" -119.8 "" "" 12.3 A13 RRL GA-RR35 0.15 "" "" -102.582426564
173.834668 23.239125 "" "" -119.8 "" "" 12.3 A13 RRL GA-RR35 0.15 "" "" -102.582426564
156.919376 27.782539 "" "" -363.4 "" "" 15.3 A13 RRL GA-RR43 0.28 "" "" -282.95680293
168.293311 26.140148 "" "" -71.3 "" "" 14.0 A13 RRL GA-RR44 0.08 "" "" -32.6467064478
171.115224 25.909022 "" "" -41.4 "" "" 13.2 A13 RRL GA-RR46 0.09 "" "" -13.6101520561
179.826501 24.875012 "" "" 1.2 "" "" 14.0 A13 RRL GA-RR56 0.15 "" "" -5.13857391658
158.586906 20.924718 "" "" 96.2 "" "" 13.8 A13 RRL GA-RR7 0.15 "" "" 173.789824397
166.216668 28.53958 "" "" -84.4 "" "" 17.0 A13 RRL GA-RR65 0.17 "" "" -38.449872897
165.255431 27.955015 "" "" -133.3 "" "" 13.5 A13 RRL GA-RR60 0.07 "" "" -83.5757181654
158.921316 30.584769 "" "" -53.6 "" "" 12.5 A13 RRL GA-RR73 0.1 "" "" 18.0311966615
169.053144 30.196305 "" "" -24.9 "" "" 23.1 A13 RRL GA-RR75 0.19 "" "" 10.0710259584
168.222702 30.724379 "" "" -52.7 "" "" 13.3 A13 RRL GA-RR82 0.1 "" "" -14.7811601176
164.839746 31.012332 "" "" 13.8 "" "" 12.0 A13 RRL GA-RR83 0.16 "" "" 63.9929189878
172.288415 30.496601 "" "" 84.9 "" "" 13.5 A13 RRL GA-RR86 0.16 "" "" 107.803640167
166.302566 31.223535 "" "" 12.6 "" "" 14.3 A13 RRL GA-RR87a 0.2 "" "" 57.4034467695
166.302566 31.223535 "" "" 26.2 "" "" 14.7 A13 RRL GA-RR87b 0.23 "" "" 71.0034467695
158.072145 21.5731 "" "" -63.7 "" "" 12.5 A13 RRL GA-RR9 0.2 "" "" 15.5986525997
172.556417 31.341687 "" "" 77.1 "" "" 13.4 A13 RRL GA-RR98 0.16 "" "" 98.9373917946
177.576579 30.761878 "" "" 91.5 "" "" 13.7 A13 RRL GA-RR99 0.07 "" "" 94.6981922062
165.838134757 -9.18316319816 9.32 1.06 -42.1 "" "" 3.5 Mon/GASS MG "" "" 10.2 "" 6.0747443839
180.026408623 -15.2113252903 9.38 1.11 35.4 "" "" 2.5 Mon/GASS MG "" "" 12.4 "" 22.676229626
180.537397783 -14.5411979666 8.65 1.14 8.7 "" "" 3.7 Mon/GASS MG "" "" 10.1 "" -6.11798342179
160.870013209 6.76540288786 8.76 1.16 -65.0 "" "" 3.5 Mon/GASS MG "" "" 11.7 "" 6.22493919056
161.940626775 6.31317476191 9.24 1.1 -41.5 "" "" 2.7 Mon/GASS MG "" "" 11.4 "" 25.296370702
158.405892214 9.10322786636 8.84 1.14 -88.1 "" "" 3.8 Mon/GASS MG "" "" 11.0 "" -6.93507652918
195.043942123 -13.1801505481 8.86 1.11 18.0 "" "" 2.2 Mon/GASS MG "" "" 10.1 "" -56.8261105749
196.698545197 -5.08893256911 9.4 1.07 63.7 "" "" 3.2 Mon/GASS MG "" "" 11.1 "" -18.5802681789
168.561237888 10.5538285159 9.67 1.03 -63.4 "" "" 3.1 Mon/GASS MG "" "" 10.3 "" -24.3693274625
196.961683171 -5.07222991867 10.2 1.01 36.8 "" "" 2.9 Mon/GASS MG "" "" 12.3 "" -46.5525432576
172.600039056 8.79549041866 9.79 1.01 -34.6 "" "" 1.9 Mon/GASS MG "" "" 10.0 "" -12.7734501148
174.565630759 7.88498109777 8.95 1.14 -20.9 "" "" 2.7 Mon/GASS MG "" "" 11.5 "" -7.56362734557
172.921361332 8.79730556409 9.56 1.06 -18.6 "" "" 2.8 Mon/GASS MG "" "" 11.0 "" 1.85410744692
210.864510653 -10.3139175343 9.74 1.01 75.1 "" "" 3.9 Mon/GASS MG "" "" 10.1 "" -60.8638912091
213.414849427 -11.4773198893 9.71 1.02 60.9 "" "" 3.8 Mon/GASS MG "" "" 10.1 "" -83.5939903777
210.927438685 -10.1564866452 9.23 1.13 79.5 "" "" 2.3 Mon/GASS MG "" "" 12.6 "" -56.7352425689
188.607763515 7.17126662142 8.97 1.1 32.4 "" "" 3.0 Mon/GASS MG "" "" 10.2 "" -14.4473319677
192.245678849 5.47810537446 9.95 1.05 5.9 "" "" 2.4 Mon/GASS MG "" "" 12.8 "" -56.6179876674
189.248627494 7.30360853234 9.41 1.05 19.9 "" "" 4.4 Mon/GASS MG "" "" 10.1 "" -29.618300898
191.226883363 6.41414800342 9.09 1.15 0.7 "" "" 4.1 Mon/GASS MG "" "" 12.8 "" -57.3379606635
191.696302327 6.19038922397 8.94 1.15 37.9 "" "" 2.4 Mon/GASS MG "" "" 12.1 "" -22.1551457993
190.177308756 6.96742561739 9.2 1.09 -54.1 "" "" 2.2 Mon/GASS MG "" "" 10.9 "" -107.604046504
205.34751827 8.24350134772 10.28 1.01 68.0 "" "" 11.9 Mon/GASS MG "" "" 12.9 "" -46.0635800055
205.623394793 8.19138600348 9.65 1.09 70.7 "" "" 2.8 Mon/GASS MG "" "" 13.5 "" -44.4304144698
202.785597197 9.5933721709 9.13 1.09 69.2 "" "" 1.8 Mon/GASS MG "" "" 10.5 "" -34.4772621974
205.76587677 8.18516411994 9.17 1.09 83.2 "" "" 2.9 Mon/GASS MG "" "" 10.7 "" -32.4717721615
204.789358347 8.94917649685 9.35 1.14 70.5 "" "" 3.0 Mon/GASS MG "" "" 13.8 "" -41.1426224037
205.540625039 8.68847648655 10.13 1.01 84.5 "" "" 2.7 Mon/GASS MG "" "" 12.0 "" -30.105854525
157.340935851 28.1738757722 9.12 1.09 -56.8 "" "" 2.5 Mon/GASS MG "" "" 10.2 "" 21.8963599368
157.490082412 28.2059115011 9.22 1.1 -78.9 "" "" 2.1 Mon/GASS MG "" "" 11.3 "" -0.758191508701
182.493838601 24.8807217995 9.58 1.04 45.0 "" "" 2.2 Mon/GASS MG "" "" 10.6 "" 28.1911920369
186.387753387 23.9147201809 8.85 1.14 -6.8 "" "" 3.9 Mon/GASS MG "" "" 11.2 "" -39.1923690333
189.322212237 23.2554916971 10.07 1.03 189.3 "" "" 5.6 Mon/GASS MG "" "" 12.6 "" 145.154603748
186.897924027 24.1851010626 9.26 1.07 5.4 "" "" 3.7 Mon/GASS MG "" "" 10.0 "" -28.8791807379
189.744380437 23.3475146045 10.07 1.03 0.2 "" "" 6.0 Mon/GASS MG "" "" 12.7 "" -45.5458818368
198.780295441 25.0665283526 8.95 1.15 49.1 "" "" 2.5 Mon/GASS MG "" "" 11.9 "" -29.7390629616
201.802212757 25.1013631751 10.21 1.01 35.0 "" "" 2.6 Mon/GASS MG "" "" 12.2 "" -54.7471413089
201.3268331 26.609870195 9.96 1.05 -9.9 "" "" 3.3 Mon/GASS MG "" "" 12.9 "" -96.6161638304
207.056252226 27.5636695129 10.06 1.02 95.6 "" "" 3.3 Mon/GASS MG "" "" 11.9 "" -9.90784869494
201.156066968 30.388202532 9.8 1.07 13.0 "" "" 3.4 Mon/GASS MG "" "" 12.8 "" -69.5460753556
224.107684449 21.3484692275 8.81 1.14 82.8 "" "" 3.4 Mon/GASS MG "" "" 10.9 "" -82.9059413782
225.62796009 21.7064480096 9.1 1.14 139.0 "" "" 1.8 Mon/GASS MG "" "" 12.3 "" -30.3934939574
226.54785378 21.8110037251 9.92 1.01 131.4 "" "" 1.9 Mon/GASS MG "" "" 10.9 "" -40.3030073892
227.242357858 21.4507727427 9.16 1.09 111.8 "" "" 2.3 Mon/GASS MG "" "" 10.4 "" -62.2030309709
223.852076174 23.3372245688 9.9 1.01 102.7 "" "" 3.2 Mon/GASS MG "" "" 10.7 "" -59.6882080641
178.37289635 36.7879270654 9.62 1.03 -19.7 "" "" 2.0 Mon/GASS MG "" "" 10.4 "" -18.5992719316
229.085231973 22.5792215866 8.99 1.12 124.1 "" "" 3.6 Mon/GASS MG "" "" 10.9 "" -53.0410526222
186.994022297 38.819842295 8.82 1.17 42.3 "" "" 2.1 Mon/GASS MG "" "" 12.3 "" 14.7103479272
210.566997456 33.8462877534 9.35 1.07 40.8 "" "" 2.4 Mon/GASS MG "" "" 10.5 "" -67.9476464794
221.992823302 29.9026512183 9.3 1.11 86.1 "" "" 3.2 Mon/GASS MG "" "" 12.3 "" -61.409245269
229.756392842 26.0521134861 9.47 1.07 -38.8 "" "" 2.7 Mon/GASS MG "" "" 11.3 "" -212.288623861
235.081361786 23.235102184 9.78 1.04 124.4 "" "" 2.3 Mon/GASS MG "" "" 11.5 "" -65.6175531307
223.130464568 32.2646664247 10.15 1.0 55.1 "" "" 2.7 Mon/GASS MG "" "" 11.8 "" -91.3868334372
232.724658659 27.3625794251 9.94 1.0 134.1 "" "" 1.9 Mon/GASS MG "" "" 10.6 "" -43.9704891474
232.220958572 30.257035732 9.02 1.09 121.0 "" "" 2.1 Mon/GASS MG "" "" 10.0 "" -50.6961846009
242.569368698 24.4854798777 10.05 1.0 255.1 "" "" 1.4 Mon/GASS MG "" "" 11.2 "" 52.9361591275
242.490631697 25.6116158863 9.19 1.11 103.4 "" "" 2.4 Mon/GASS MG "" "" 11.4 "" -96.629039849
172.856076 16.732728 "" "" -141.7 "" "" 13.9 Mon/GASS RRL GA-RR10 0.72 "" "" -120.595648525
202.001176 24.75022 "" "" 254.8 "" "" 14.3 Mon/GASS RRL GA-RR100 0.13 "" "" 164.034528143
196.791705 26.546377 "" "" -162.1 "" "" 13.7 Mon/GASS RRL GA-RR102 0.21 "" "" -232.52034181
191.325151 28.755251 "" "" -32.9 "" "" 14.5 Mon/GASS RRL GA-RR108 0.52 "" "" -81.6909318424
224.476381 15.644097 "" "" 24.9 "" "" 12.8 Mon/GASS RRL GA-RR109 0.14 "" "" -148.249713507
212.654276 21.713061 "" "" 210.1 "" "" 13.2 Mon/GASS RRL GA-RR111 0.11 "" "" 79.6606765173
193.413978 28.604193 "" "" -118.7 "" "" 13.2 Mon/GASS RRL GA-RR112 0.14 "" "" -175.267659083
170.425727 32.634859 "" "" -54.2 "" "" 16.6 Mon/GASS RRL GA-RR114 0.35 "" "" -24.7372948052
189.359166 29.942891 "" "" -205.3 "" "" 13.1 Mon/GASS RRL GA-RR115 0.1 "" "" -246.152732636
197.850003 27.845489 "" "" 141.8 "" "" 12.0 Mon/GASS RRL GA-RR120 0.07 "" "" 68.5627377429
180.035125 31.977572 "" "" -6.3 "" "" 14.4 Mon/GASS RRL GA-RR122 0.13 "" "" -12.0052160868
196.595473 28.674877 "" "" -136.3 "" "" 12.7 Mon/GASS RRL GA-RR124 0.12 "" "" -204.359175561
208.376568 24.841534 "" "" 249.8 "" "" 13.2 Mon/GASS RRL GA-RR126 0.09 "" "" 136.919821851
185.970236 31.603973 "" "" 52.1 "" "" 13.9 Mon/GASS RRL GA-RR127 0.15 "" "" 24.5062769013
218.866914 20.737926 "" "" 267.0 "" "" 12.8 Mon/GASS RRL GA-RR128 0.2 "" "" 115.803264195
221.324888 19.7895 "" "" 155.2 "" "" 14.7 Mon/GASS RRL GA-RR129 0.16 "" "" -4.42812481052
177.674527 15.233643 "" "" 46.7 "" "" 13.4 Mon/GASS RRL GA-RR13 0.1 "" "" 47.6224909619
209.251205 25.302395 "" "" 236.7 "" "" 12.4 Mon/GASS RRL GA-RR130 0.1 "" "" 121.380172501
193.399505 30.64731 "" "" -25.7 "" "" 12.9 Mon/GASS RRL GA-RR131 0.11 "" "" -80.7856276213
207.958151 26.460018 "" "" 6.3 "" "" 13.0 Mon/GASS RRL GA-RR134 0.16 "" "" -103.437061668
190.061858 31.774065 "" "" 31.8 "" "" 13.0 Mon/GASS RRL GA-RR135 0.13 "" "" -10.5441505295
196.344679 30.342212 "" "" -79.1 "" "" 13.0 Mon/GASS RRL GA-RR137 0.15 "" "" -144.919495273
221.45651 20.975263 "" "" 185.9 "" "" 13.4 Mon/GASS RRL GA-RR138 0.09 "" "" 27.2703677078
162.349082 21.804465 "" "" 98.6 "" "" 14.3 Mon/GASS RRL GA-RR14 0.2 "" "" 161.357717305
208.144293 27.138712 "" "" 265.3 "" "" 13.3 Mon/GASS RRL GA-RR142 0.36 "" "" 155.695224524
215.725545 24.827167 "" "" 185.6 "" "" 12.5 Mon/GASS RRL GA-RR144 0.1 "" "" 48.9139325074
196.66759 31.584298 "" "" 89.5 "" "" 14.6 Mon/GASS RRL GA-RR146 0.14 "" "" 23.5856614635
